0.00822262291231474
0.0224037506669897
0.0256911022400272
0.0334539328323346
0.0512508618795458
0.0479846205119354
0.0562930926480002
0.0349886558887005
-0.00742210460849751
-0.0170865920549407
-0.0147698213172143
0.0110317372252899
0.0244179581584288
0.0422828920271492
0.0551279710198873
0.070494552734983
0.0827756248625116
0.103130381082884
0.110883478751803
0.109813706203187
0.125690186169601
0.118410135272147
0.0875067765622958
0.0689573801622113
0.0532408006427181
0.0458769992180103
0.0581638400550347
0.0507264114548167
0.0271492989494698
0.0198970292046075
0.0191398796338249
0.0133889079790922
0.00311418554585274
-0.0489697507028913
-0.112416508665236
